At = 0.0154;
Av = pi*(0.0040)^2;
a12 = 0.3485;
a23 = 0.3485;
a10 = 0.6677;
a30I = 0.6591;
g = 9.80665;
par = [At Av a12 a23 a10 a30I g];

x0 = [0.65;0.1;0.3];
